0.0909090909091
0.0909090909091
0.181818181818
0.0909090909091
0.181818181818
0.0909090909091
0.0909090909091
0.0909090909091
0.0909090909091
0.0909090909091
0.0909090909091
0.0909090909091
0.181818181818
0.0909090909091
0.0909090909091
0.0909090909091
0.0909090909091
0.0909090909091
0.0909090909091
0.0909090909091
0.0909090909091
0.0909090909091
0.0909090909091
0.181818181818
0.0909090909091
0.0909090909091
0.0909090909091
0.0909090909091
0.0909090909091
0.0909090909091
0.0909090909091
0.181818181818
0.0909090909091
0.272727272727
0.0909090909091
0.0909090909091
0.0909090909091
0.0909090909091
0.0909090909091
0.0909090909091
0.0909090909091
0.0909090909091
0.181818181818
0.818181818182
0.0909090909091
0.0909090909091
0.0909090909091
0.0909090909091
0.0909090909091
0.0909090909091
0.0909090909091
0.0909090909091
0.0909090909091
1.0
0.0909090909091
0.0909090909091
0.0909090909091
0.0909090909091
0.0909090909091
0.0909090909091
0.0909090909091
0.0909090909091
0.0909090909091
0.0909090909091
0.0909090909091
0.636363636364
0.0909090909091
0.0909090909091
0.636363636364
0.0909090909091
0.0909090909091
0.0909090909091
